0,617
146,4
146,7
146,6
146,5
0,616
0,615
0,614
0,613
0,612
0,611
2,117
484,11
484,10
484,9
484,8
484,7
484,6
484,5
484,4
484,3
484,2
484,1
484,0
65,15
6,9
2,128
483,4
483,3
483,2
483,1
483,0
0,610
8,25
0,609
6,13
482,4
482,3
482,2
482,1
482,0
481,4
481,3
481,2
481,1
481,0
8,24
8,23
8,18
8,16
480,4
480,3
480,2
480,1
480,0
479,4
479,3
479,2
479,1
479,0
478,4
478,3
478,2
478,1
478,0
0,608
477,5
477,4
477,3
477,2
477,1
477,0
476,4
476,3
476,2
476,1
476,0
475,4
475,3
475,2
475,1
475,0
474,4
474,3
474,2
474,1
474,0
8,20
65,41
65,17
473,4
473,3
473,2
473,1
473,0
1,8
472,7
472,6
472,5
472,4
472,3
472,2
472,1
472,0
0,607
8,22
471,3
471,2
471,1
471,0
470,4
470,3
470,2
470,1
470,0
469,5
469,4
469,3
469,2
469,1
469,0
468,5
468,4
468,3
468,2
468,1
468,0
467,5
467,4
467,3
467,2
467,1
467,0
466,4
466,3
466,2
466,1
466,0
2,116
465,5
465,4
465,3
465,2
465,1
465,0
464,5
464,4
464,3
464,2
464,1
464,0
463,5
463,4
463,3
463,2
463,1
463,0
2,115
462,5
462,4
462,3
462,2
462,1
462,0
461,5
461,4
461,3
461,2
461,1
461,0
460,4
460,3
460,2
460,1
460,0
0,606
8,21
0,605
2,114
459,5
459,4
459,3
459,2
459,1
459,0
458,3
458,2
458,1
458,0
457,5
457,4
457,3
457,2
457,1
457,0
456,5
456,4
456,3
456,2
456,1
456,0
59,11
455,7
455,6
455,5
455,4
455,3
455,2
455,1
455,0
454,5
454,4
454,3
454,2
454,1
454,0
453,4
453,3
453,2
453,1
453,0
452,6
452,5
452,4
452,3
452,2
452,1
452,0
0,604
451,5
451,4
451,3
451,2
451,1
451,0
450,5
450,4
450,3
450,2
450,1
450,0
0,603
449,5
449,4
449,3
449,2
449,1
449,0
0,602
6,12
145,13
448,7
448,6
448,5
448,4
448,3
448,2
448,1
448,0
2,113
447,4
447,3
447,2
447,1
447,0
2,112
446,6
446,5
446,4
446,3
446,2
446,1
446,0
2,111
445,6
445,5
445,4
445,3
445,2
445,1
445,0
0,601
444,3
444,2
444,1
444,0
2,110
443,3
443,2
443,1
443,0
2,109
442,7
442,6
442,5
442,4
442,3
442,2
442,1
442,0
441,3
441,2
441,1
441,0
1,7
440,5
440,4
440,3
440,2
440,1
440,0
0,600
8,13
439,4
439,3
439,2
439,1
439,0
438,5
438,4
438,3
438,2
438,1
438,0
437,5
437,4
437,3
437,2
437,1
437,0
436,6
436,5
436,4
436,3
436,2
436,1
436,0
435,5
435,4
435,3
435,2
435,1
435,0
434,4
434,3
434,2
434,1
434,0
433,6
433,5
433,4
433,3
433,2
433,1
433,0
432,6
432,5
432,4
432,3
432,2
432,1
432,0
2,108
2,107
431,11
431,10
431,9
431,8
431,7
431,6
431,5
431,4
431,3
431,2
431,1
431,0
430,4
430,3
430,2
430,1
430,0
429,6
429,5
429,4
429,3
429,2
429,1
429,0
8,19
0,599
8,17
8,15
8,6
8,4
0,598
0,597
0,596
428,3
428,2
428,1
428,0
427,3
427,2
427,1
427,0
426,3
426,2
426,1
426,0
425,3
425,2
425,1
425,0
424,3
424,2
424,1
424,0
423,3
423,2
423,1
423,0
422,3
422,2
422,1
422,0
421,3
421,2
421,1
421,0
420,3
420,2
420,1
420,0
419,3
419,2
419,1
419,0
418,3
418,2
418,1
418,0
417,9
417,8
417,7
417,6
417,5
417,4
417,3
417,2
417,1
417,0
416,8
416,7
416,6
416,5
416,4
416,3
416,2
416,1
416,0
415,5
415,4
415,3
415,2
415,1
415,0
65,40
65,22
8,14
0,595
65,39
414,4
414,3
414,2
414,1
414,0
0,594
0,593
65,38
413,5
413,4
413,3
413,2
413,1
413,0
412,4
412,3
412,2
412,1
412,0
411,7
411,6
411,5
411,4
411,3
411,2
411,1
411,0
0,592
410,4
410,3
410,2
410,1
410,0
409,4
409,3
409,2
409,1
409,0
2,106
408,4
408,3
408,2
408,1
408,0
2,105
407,6
407,5
407,4
407,3
407,2
407,1
407,0
406,4
406,3
406,2
406,1
406,0
0,591
0,590
0,589
0,588
0,587
8,12
8,5
8,11
0,586
0,585
0,584
0,583
405,4
405,3
405,2
405,1
405,0
0,582
0,581
0,580
0,579
0,578
8,10
0,577
0,576
0,575
0,574
0,573
0,572
65,14
404,3
404,2
404,1
404,0
0,571
403,7
403,6
403,5
403,4
403,3
403,2
403,1
403,0
0,570
59,8
402,4
402,3
402,2
402,1
402,0
0,568
0,567
0,566
0,565
0,564
0,563
0,562
0,561
0,560
0,559
0,558
0,557
65,37
0,555
0,554
6,11
65,36
65,35
65,26
65,24
0,553
6,8
0,552
6,10
0,551
401,4
401,3
401,2
401,1
401,0
400,5
400,4
400,3
400,2
400,1
400,0
0,550
2,104
399,6
399,5
399,4
399,3
399,2
399,1
399,0
6,4
145,14
0,549
398,4
398,3
398,2
398,1
398,0
0,548
0,547
0,546
0,545
0,544
2,103
0,543
397,8
397,7
397,6
397,5
397,4
397,3
397,2
397,1
397,0
0,542
0,540
0,539
0,538
0,537
0,536
0,535
6,7
0,534
8,9
396,6
396,5
396,4
396,3
396,2
396,1
396,0
0,533
395,5
395,4
395,3
395,2
395,1
395,0
394,6
394,5
394,4
394,3
394,2
394,1
394,0
2,102
1,6
0,532
393,5
393,4
393,3
393,2
393,1
393,0
0,531
392,6
392,5
392,4
392,3
392,2
392,1
392,0
391,5
391,4
391,3
391,2
391,1
391,0
390,4
390,3
390,2
390,1
390,0
389,5
389,4
389,3
389,2
389,1
389,0
388,6
388,5
388,4
388,3
388,2
388,1
388,0
387,4
387,3
387,2
387,1
387,0
386,4
386,3
386,2
386,1
386,0
2,101
385,5
385,4
385,3
385,2
0,530
385,1
385,0
384,4
384,3
384,2
384,1
384,0
383,6
383,5
383,4
383,3
383,2
383,1
383,0
382,6
382,5
382,4
382,3
382,2
382,1
382,0
0,529
59,10
0,528
0,526
0,525
381,6
381,5
381,4
381,3
381,2
381,1
381,0
0,524
0,523
0,522
0,521
380,8
380,7
380,6
380,5
380,4
380,3
380,2
380,1
380,0
0,520
0,519
0,518
379,5
379,4
379,3
379,2
379,1
379,0
0,517
0,516
8,8
8,7
0,515
0,514
0,513
0,512
65,34
65,20
65,33
65,32
65,12
2,100
378,6
378,5
378,4
378,3
378,2
378,1
378,0
2,99
377,5
377,4
377,3
377,2
377,1
377,0
2,98
376,6
376,5
376,4
376,3
376,2
376,1
376,0
2,97
375,6
375,5
375,4
375,3
375,2
375,1
375,0
374,4
374,3
374,2
374,1
374,0
373,3
373,2
373,1
373,0
0,9
372,5
372,4
372,3
372,2
372,1
372,0
371,4
371,3
371,2
371,1
371,0
370,4
370,3
370,2
370,1
370,0
369,5
369,4
369,3
369,2
369,1
369,0
368,5
368,4
368,3
368,2
368,1
368,0
367,4
367,3
367,2
367,1
367,0
65,31
366,4
366,3
366,2
366,1
366,0
65,29
65,30
0,511
0,509
0,508
0,507
365,5
365,4
365,3
365,2
365,1
365,0
2,96
364,6
364,5
364,4
364,3
364,2
364,1
364,0
363,3
363,2
363,1
363,0
362,4
362,3
362,2
362,1
362,0
0,506
0,505
2,95
361,5
361,4
361,3
361,2
361,1
361,0
2,94
360,6
360,5
360,4
360,3
360,2
360,1
360,0
2,93
359,5
359,4
359,3
359,2
359,1
359,0
2,92
358,6
358,5
358,4
358,3
358,2
358,1
358,0
0,504
357,5
357,4
357,3
357,2
357,1
357,0
356,6
0,503
356,5
356,4
356,3
356,2
356,1
356,0
0,502
355,5
355,4
355,3
355,2
355,1
355,0
354,7
354,6
354,5
354,4
354,3
354,2
354,1
354,0
353,4
353,3
353,2
353,1
353,0
352,4
352,3
352,2
352,1
352,0
351,4
351,3
351,2
351,1
351,0
350,5
350,4
350,3
350,2
350,1
350,0
349,4
349,3
349,2
349,1
349,0
0,500
0,499
145,10
0,498
0,497
348,4
348,3
348,2
348,1
348,0
347,5
347,4
347,3
347,2
347,1
347,0
2,91
346,8
346,7
346,6
346,5
346,4
346,3
346,2
346,1
346,0
2,90
345,6
345,5
345,4
345,3
345,2
345,1
345,0
0,496
344,4
344,3
344,2
344,1
344,0
343,5
343,4
343,3
343,2
343,1
343,0
342,5
342,4
342,3
342,2
342,1
342,0
341,4
341,3
341,2
341,1
341,0
0,495
0,494
340,4
340,3
340,2
340,1
340,0
59,9
59,4
339,5
339,4
339,3
339,2
339,1
339,0
338,4
338,3
338,2
338,1
338,0
0,493
337,7
337,6
337,5
337,4
337,3
337,2
337,1
337,0
336,4
336,3
336,2
336,1
336,0
335,6
335,5
335,4
335,3
335,2
335,1
335,0
334,4
334,3
334,2
334,1
334,0
333,4
333,3
333,2
333,1
333,0
0,492
0,491
0,490
0,489
0,488
332,6
332,5
332,4
332,3
332,2
332,1
332,0
331,6
331,5
331,4
331,3
331,2
331,1
331,0
330,5
330,4
330,3
330,2
330,1
330,0
329,5
329,4
329,3
329,2
329,1
329,0
328,7
328,6
328,5
328,4
328,3
328,2
328,1
328,0
327,5
327,4
327,3
327,2
327,1
327,0
326,4
326,3
326,2
326,1
326,0
325,4
325,3
325,2
325,1
325,0
324,4
324,3
324,2
324,1
324,0
0,486
323,4
323,3
323,2
323,1
323,0
145,12
2,89
322,5
322,4
322,3
322,2
322,1
322,0
2,88
321,8
321,7
321,6
321,5
321,4
321,3
321,2
321,1
321,0
320,4
320,3
320,2
320,1
320,0
0,485
65,27
0,484
319,3
319,2
319,1
319,0
318,5
318,4
318,3
318,2
318,1
318,0
317,4
317,3
317,2
317,1
317,0
316,4
316,3
316,2
316,1
316,0
315,6
315,5
315,4
315,3
315,2
315,1
315,0
314,4
314,3
314,2
314,1
314,0
0,482
0,479
65,28
65,19
65,25
65,23
65,21
65,7
65,6
65,5
0,477
313,6
313,5
313,4
313,3
313,2
313,1
313,0
2,87
312,7
312,6
312,5
312,4
312,3
312,2
312,1
312,0
311,4
311,3
311,2
311,1
311,0
2,86
310,7
310,6
310,5
310,4
310,3
310,2
310,1
310,0
309,6
309,5
309,4
309,3
309,2
309,1
309,0
308,6
308,5
308,4
308,3
308,2
308,1
308,0
2,85
307,6
307,5
307,4
307,3
307,2
307,1
307,0
306,9
306,8
306,7
306,6
306,5
306,4
306,3
306,2
306,1
306,0
305,7
305,6
305,5
305,4
305,3
305,2
305,1
305,0
0,476
304,4
304,3
304,2
304,1
304,0
303,4
303,3
303,2
303,1
303,0
0,475
302,5
302,4
302,3
302,2
302,1
302,0
301,6
301,5
301,4
301,3
301,2
301,1
301,0
300,6
300,5
300,4
300,3
300,2
300,1
300,0
299,5
299,4
299,3
299,2
299,1
299,0
298,6
298,5
298,4
298,3
298,2
298,1
298,0
0,473
297,5
297,4
297,3
297,2
297,1
297,0
296,4
296,3
296,2
296,1
296,0
295,4
295,3
295,2
295,1
295,0
0,472
0,470
65,13
65,18
294,5
294,4
294,3
294,2
294,1
294,0
293,5
293,4
293,3
293,2
293,1
293,0
292,5
292,4
292,3
292,2
292,1
292,0
291,4
291,3
291,2
291,1
291,0
290,6
290,5
290,4
290,3
290,2
290,1
290,0
289,4
289,3
289,2
289,1
289,0
288,4
288,3
288,2
288,1
288,0
59,7
287,8
287,7
287,6
287,5
287,4
287,3
287,2
287,1
287,0
286,7
286,6
286,5
286,4
0,469
286,3
286,2
286,1
286,0
285,7
285,6
285,5
285,4
285,3
285,2
285,1
285,0
2,84
284,4
284,3
284,2
284,1
284,0
283,4
283,3
283,2
283,1
283,0
282,4
282,3
282,2
282,1
282,0
281,7
281,6
281,5
281,4
281,3
281,2
281,1
281,0
280,8
280,7
280,6
280,5
280,4
280,3
280,2
280,1
280,0
279,3
279,2
279,1
279,0
145,11
0,468
2,83
278,6
278,5
278,4
278,3
278,2
278,1
278,0
0,467
277,6
277,5
277,4
277,3
277,2
277,1
277,0
276,5
276,4
276,3
276,2
276,1
276,0
275,7
275,6
275,5
275,4
275,3
275,2
275,1
275,0
274,7
274,6
274,5
274,4
274,3
274,2
274,1
274,0
273,8
273,7
273,6
273,5
273,4
273,3
273,2
273,1
273,0
272,5
272,4
272,3
272,2
272,1
272,0
271,4
271,3
271,2
271,1
271,0
270,4
270,3
270,2
270,1
270,0
269,4
269,3
269,2
269,1
269,0
2,82
268,5
268,4
268,3
268,2
268,1
268,0
267,4
267,3
267,2
267,1
267,0
266,5
266,4
266,3
266,2
266,1
266,0
265,4
265,3
265,2
265,1
265,0
264,4
264,3
264,2
264,1
264,0
263,4
263,3
263,2
263,1
263,0
262,4
262,3
262,2
262,1
262,0
261,4
261,3
261,2
261,1
261,0
260,4
260,3
260,2
260,1
260,0
259,4
259,3
259,2
259,1
259,0
258,4
258,3
258,2
258,1
258,0
257,4
257,3
257,2
257,1
257,0
2,81
256,4
256,3
256,2
256,1
256,0
6,6
6,5
255,4
255,3
255,2
255,1
255,0
254,4
254,3
254,2
254,1
254,0
253,4
253,3
253,2
253,1
253,0
2,80
252,6
252,5
252,4
252,3
252,2
252,1
252,0
251,4
251,3
251,2
251,1
251,0
250,4
250,3
250,2
250,1
250,0
249,4
249,3
249,2
249,1
249,0
2,79
248,5
248,4
248,3
248,2
248,1
248,0
0,465
0,464
5,4
5,7
7,9
5,6
5,5
0,462
7,5
7,4
7,8
0,461
7,7
7,6
0,460
0,459
0,458
145,9
145,4
145,8
145,7
145,6
145,5
65,16
65,8
65,4
65,11
65,10
65,9
59,6
59,5
247,6
247,5
247,4
247,3
247,2
247,1
247,0
246,5
246,4
246,3
246,2
246,1
246,0
245,4
245,3
245,2
245,1
245,0
244,4
244,3
244,2
244,1
244,0
243,5
243,4
243,3
243,2
243,1
243,0
242,5
242,4
242,3
242,2
242,1
242,0
241,4
241,3
241,2
241,1
241,0
240,4
240,3
240,2
240,1
240,0
2,78
239,4
239,3
239,2
239,1
239,0
238,3
238,2
238,1
238,0
237,7
237,6
237,5
237,4
237,3
237,2
237,1
237,0
236,6
236,5
236,4
236,3
236,2
236,1
236,0
235,6
235,5
235,4
235,3
235,2
235,1
235,0
234,6
234,5
234,4
234,3
234,2
234,1
234,0
233,6
233,5
233,4
0,457
233,3
233,2
233,1
233,0
232,6
232,5
232,4
232,3
232,2
232,1
232,0
231,4
231,3
231,2
231,1
231,0
2,77
230,7
230,6
230,5
230,4
230,3
230,2
230,1
230,0
229,4
229,3
229,2
229,1
229,0
228,4
228,3
228,2
228,1
228,0
227,8
227,7
227,6
227,5
227,4
227,3
227,2
227,1
227,0
226,4
226,3
226,2
226,1
226,0
225,5
225,4
225,3
225,2
225,1
225,0
224,5
224,4
224,3
224,2
224,1
224,0
223,5
223,4
223,3
223,2
223,1
223,0
222,4
222,3
222,2
222,1
222,0
0,456
221,9
221,8
221,7
221,6
221,5
221,4
221,3
221,2
221,1
221,0
220,5
220,4
220,3
220,2
220,1
220,0
219,5
219,4
219,3
219,2
219,1
219,0
218,6
218,5
218,4
218,3
218,2
218,1
218,0
2,76
217,5
217,4
217,3
217,2
217,1
217,0
2,75
216,6
216,5
216,4
216,3
216,2
216,1
216,0
215,5
215,4
215,3
215,2
215,1
215,0
214,6
214,5
214,4
214,3
214,2
214,1
214,0
213,5
213,4
213,3
213,2
213,1
213,0
212,6
212,5
212,4
212,3
212,2
212,1
212,0
211,5
211,4
211,3
211,2
211,1
211,0
210,5
210,4
210,3
210,2
210,1
210,0
2,74
1,5
1,4
209,6
209,5
209,4
209,3
209,2
209,1
209,0
208,5
208,4
208,3
208,2
208,1
208,0
207,5
207,4
207,3
207,2
207,1
207,0
2,73
206,6
206,5
206,4
206,3
206,2
206,1
206,0
205,6
205,5
205,4
205,3
205,2
205,1
205,0
204,5
204,4
204,3
204,2
204,1
204,0
203,3
203,2
203,1
203,0
202,5
202,4
202,3
202,2
202,1
202,0
201,8
201,7
201,6
201,5
201,4
201,3
201,2
201,1
201,0
200,6
200,5
200,4
200,3
200,2
200,1
200,0
2,72
199,5
199,4
199,3
199,2
199,1
199,0
2,71
198,7
198,6
198,5
198,4
198,3
198,2
198,1
198,0
